73 39 21 53 29 20 24 20 44 83 50 67 96 35 15 12 90 28 84 87
80 51 72 99 27 25 31 39 88 24 96 82 47 58 51 8 51 71 32 37
50 43 94 93 67 85 9 70 41 76 34 78 14 86 27 89 17 66 65 51
71 38 55 73 80 99 19 85 8 16 78 71 89 85 66 97 67 75 42 71
55 21 7 24 58 38 61 8 61 35 30 93 12 23 69 4 95 22 42 15
16 66 19 5 27 62 63 51 43 54 34 85 27 46 2 8 4 39 99 72
54 72 51 87 99 40 8 99 3 27 17 21 38 4 6 81 14 86 64 58
44 97 50 50 50 61 5 72 44 66 59 29 29 70 75 62 71 73 21 33
12 98 31 78 69 69 5 63 19 54 20 36 85 76 29 9 76 41 31 2
83 4 90 59 97 1 34 47 90 93 14 36 47 43 33 92 71 80 27 87
94 28 70 29 91 27 82 99 36 97 74 94 22 96 76 48 9 31 9 47
84 57 41 14 20 98 93 85 19 17 81 1 97 89 66 44 61 83 50 50
34 70 29 94 54 6 24 16 57 65 31 56 11 42 30 48 30 82 60 94
70 53 84 6 75 89 79 50 47 84 78 60 23 63 42 97 34 34 10 17
13 46 9 99 28 88 52 17 44 11 5 55 10 86 1 83 26 57 29 29
5 32 98 61 4 81 78 68 88 30 54 34 89 30 43 90 71 53 9 69
13 25 76 57 80 50 51 82 38 19 98 45 45 78 54 57 56 73 11 87
41 42 26 29 88 46 82 42 10 69 70 86 54 6 15 71 69 58 48 65
34 21 22 75 73 86 37 33 84 4 7 30 76 4 30 34 69 72 48 97
80 30 1 98 34 24 68 35 59 71 39 6 9 2 41 46 86 19 59 64